54,3
54,2
54,1
54,0
49,57
49,56
49,55
49,54
49,53
49,52
49,51
49,50
49,49
49,48
49,47
49,46
49,45
49,44
49,43
49,42
49,41
49,40
49,39
49,38
49,37
49,36
53,3
53,2
53,1
53,0
0,429
0,428
0,386
52,3
52,2
52,1
52,0
0,278
51,3
51,2
51,1
51,0
50,3
50,2
0,9
50,1
50,0
49,35
36,1
36,3
10,74
8,6
3,2
3,1
3,3
10,271
10,28
10,199
10,185
10,142
10,68
10,141
10,2
9,5
9,7
9,2
9,3
8,5
8,10
8,7
8,14
8,2
8,3
0,422
37,3
37,2
37,1
35,3
35,1
34,3
34,1
33,3
33,1
32,3
32,1
31,3
31,1
30,3
30,1
29,3
29,1
28,3
28,1
27,3
27,1
26,3
26,1
25,3
25,1
24,3
